correo: 0.6923076923076923
sesión: 0.5294117647058824
suscripción: 0.36000000000000004
inmediato: 0.6923076923076923
salud: 0.36000000000000004
'clic ': 0.6923076923076923
paquete: 0.6923076923076923
ganar: 0.7714285714285715
dato: 0.7714285714285715
interés: 0.6923076923076923
bloquear: 0.6923076923076923
burar: 0.6923076923076923
haz: 0.6923076923076923
llegar: 0.36000000000000004
compartar: 0.36000000000000004
día: 0.5294117647058824
amazon: 0.36000000000000004
tener: 0.36000000000000004
hola: 0.6923076923076923
netflix: 0.36000000000000004
gracias: 0.36000000000000004
gustar: 0.6923076923076923
enlace: 0.6923076923076923
entregar: 0.6923076923076923
envío: 0.6923076923076923
actualizar: 0.6923076923076923
mes: 0.36000000000000004
clínico: 0.36000000000000004
solicitar: 0.6923076923076923
cita: 0.36000000000000004
reclámalo: 0.6923076923076923
pedido: 0.36000000000000004
crédito: 0.6923076923076923
facebook: 0.36000000000000004
cuenta: 0.7714285714285715
recordatorio: 0.36000000000000004
renovar: 0.36000000000000004
inicio: 0.36000000000000004
miércoles: 0.36000000000000004
iphone: 0.6923076923076923
compra: 0.36000000000000004
verificar: 0.7714285714285715
contraseña: 0.6923076923076923
cambiar: 0.6923076923076923
dólares: 0.6923076923076923
código: 0.36000000000000004
iniciar: 0.6923076923076923
dinero: 0.6923076923076923
felicidad: 0.6923076923076923
bbva: 0.6923076923076923
